2.02209e-02
2.02209e-02
2.02209e-02
1.93073e-02
1.84350e-02
1.76021e-02
1.68068e-02
1.60474e-02
1.53224e-02
1.46301e-02
1.39691e-02
1.33380e-02
1.27354e-02
1.21600e-02
1.16106e-02
1.10860e-02
1.05851e-02
1.01069e-02
9.65026e-03
9.21426e-03
8.79795e-03
8.40045e-03
8.02091e-03
7.65852e-03
7.31251e-03
6.98212e-03
6.66667e-03
6.66667e-03
6.66667e-03
6.66667e-03
6.66667e-03
6.66667e-03
6.66667e-03
6.66667e-03
6.66667e-03
6.66667e-03
6.66667e-03
6.66667e-03
6.66667e-03
6.66667e-03
6.66667e-03
6.66667e-03
6.66667e-03
6.66667e-03
6.66667e-03
6.66667e-03
6.66667e-03
6.66667e-03
6.66667e-03
6.66667e-03
6.66667e-03
6.66667e-03
6.66667e-03
6.66667e-03
6.66667e-03
6.66667e-03
6.66667e-03
6.66667e-03
6.66667e-03
6.66667e-03
6.66667e-03
6.66667e-03
6.66667e-03
6.66667e-03
6.66667e-03
6.66667e-03
6.66667e-03
6.66667e-03
6.66667e-03
6.66667e-03
6.66667e-03
6.66667e-03
6.66667e-03
6.66667e-03
6.66667e-03
6.66667e-03
6.66667e-03
6.66667e-03
6.66667e-03
6.66667e-03
6.66667e-03
6.66667e-03
6.66667e-03
6.66667e-03
6.66667e-03
6.66667e-03
6.98212e-03
7.31251e-03
7.65852e-03
8.02091e-03
8.40045e-03
8.79795e-03
9.21426e-03
9.65026e-03
1.01069e-02
1.05851e-02
1.10860e-02
1.16106e-02
1.21600e-02
1.27354e-02
1.33380e-02
1.39691e-02
1.46301e-02
1.53224e-02
1.60474e-02
1.68068e-02
1.76021e-02
1.84350e-02
1.93073e-02
2.02209e-02
2.02209e-02
2.02209e-02
