1.56250e-01
1.56250e-01
1.56250e-01
1.56250e-01
1.56250e-01
1.56250e-01
1.56250e-01
1.56250e-01
1.56250e-01
1.56250e-01
1.56250e-01
1.56250e-01
1.56250e-01
1.56250e-01
1.56250e-01
1.56250e-01
1.56250e-01
1.56250e-01
1.56250e-01
1.56250e-01
1.56250e-01
1.56250e-01
1.56250e-01
1.56250e-01
1.56250e-01
1.56250e-01
1.56250e-01
1.56250e-01
1.56250e-01
1.56250e-01
1.56250e-01
1.56250e-01
1.56250e-01
1.56250e-01
1.56250e-01
1.56250e-01
1.56250e-01
1.56250e-01
1.56250e-01
1.56250e-01
1.56250e-01
1.56250e-01
1.56250e-01
1.56250e-01
1.56250e-01
1.56250e-01
1.56250e-01
1.56250e-01
1.56250e-01
1.56250e-01
1.56250e-01
1.56250e-01
1.56250e-01
1.56250e-01
1.56250e-01
1.56250e-01
1.56250e-01
1.56250e-01
1.56250e-01
1.56250e-01
1.56250e-01
1.56250e-01
1.56250e-01
1.56250e-01
1.56250e-01
1.56250e-01
1.56250e-01
1.56250e-01
